        Frequency / GHz                Directivity,Phi=0.0,Max. Value (Subrange)/real
----------------------------------------------------------------------
                       3                       4.2128144
                    3.65                       5.2858293
                     4.3                       5.3813285
                    4.95                       7.4769598
                     5.6                        7.790552
                    6.25                       6.6523288
                     6.9                       4.5711075
                    7.55                       5.0157289
                     8.2                       7.0764784
                    8.85                       6.5421673
                     9.5                       4.5104983
                   10.15                       4.2132439
                    10.8                       4.4880467
                   11.45                       4.6928821
                    12.1                       3.7278154
                   12.75                       3.6103867
                    13.4                       5.0986583
                   14.05                       6.0199292
                    14.7                       6.0939384
                   15.35                       6.0481911
                      16                          5.2907

