        Frequency / GHz                Gain (IEEE),Phi=0.0,Max. Value (Subrange)/real
----------------------------------------------------------------------
                       3                       7.5215841
                    3.65                       4.9720152
                     4.3                       3.9665644
                    4.95                       5.1116874
                     5.6                       5.3204145
                    6.25                       3.4338698
                     6.9                        1.430142
                    7.55                       2.8424277
                     8.2                        5.252567
                    8.85                       4.4194401
                     9.5                       1.0051962
                   10.15                       1.4978839
                    10.8                       2.2648278
                   11.45                        2.392525
                    12.1                       1.2996731
                   12.75                       1.1177643
                    13.4                       2.3932323
                   14.05                       2.9776092
                    14.7                       2.7834879
                   15.35                        2.360024
                      16                       1.2295614

