        Frequency / GHz                Directivity,3D,Max. Value (Solid Angle) (1)/real
----------------------------------------------------------------------
                       3                       3.1486903
                     3.5                       5.0892087
                       4                       5.3610654
                     4.5                       5.3583571
                       5                       5.9645435
                     5.5                        6.383995
                       6                       5.2360088
                     6.5                       4.9044774
                       7                        3.963299
                     7.5                       5.2661126
                       8                       6.3905759
                     8.5                       7.0043439
                       9                       6.9835742
                     9.5                       6.7650552
                      10                       6.5190181
                    10.5                       6.4798055
                      11                       5.7558298
                    11.5                        6.036127
                      12                       7.4753375
                    12.5                       7.9355606
                      13                       7.5689221

