        Frequency / GHz                Gain (IEEE),3D,Max. Value (Solid Angle) (1)/real
----------------------------------------------------------------------
                       3                       2.1307058
                     3.5                       3.5995334
                       4                       4.1553809
                     4.5                       4.3855075
                       5                       4.7154888
                     5.5                       4.5650721
                       6                       2.5593325
                     6.5                       1.8332374
                       7                       1.9411557
                     7.5                       3.5627998
                       8                       4.6500617
                     8.5                       5.2142013
                       9                       5.2595324
                     9.5                       4.9201226
                      10                       4.3571263
                    10.5                       4.0042448
                      11                       3.2048094
                    11.5                       3.4220099
                      12                       4.2620243
                    12.5                       3.1603106
                      13                       1.1427917

